$ 1 0.000005 10.20027730826997 50 5 50 5e-11
156 768 752 864 752 0 0
156 944 752 992 752 0 0
156 1104 752 1152 752 0 0
150 864 688 768 688 0 2 0 5
w 1056 752 1056 704 0
w 864 704 1056 704 0
w 1232 816 1232 672 0
w 912 672 1232 672 0
w 768 688 752 688 0
w 768 752 752 752 0
w 768 880 768 816 0
w 752 752 752 688 0
w 1200 816 1232 816 0
150 1024 624 944 624 0 2 0 5
w 864 816 896 816 0
w 896 816 896 576 0
w 896 576 1024 576 0
w 1024 576 1024 608 0
w 1200 752 1216 752 0
w 1216 752 1216 640 0
w 1216 640 1024 640 0
w 944 624 928 624 0
w 928 624 928 752 0
w 928 752 944 752 0
w 864 752 880 752 0
150 1024 896 944 896 0 2 0 5
w 880 752 880 944 0
w 880 944 1024 944 0
w 1024 944 1024 912 0
w 1024 880 1216 880 0
w 1216 880 1216 752 0
w 944 896 944 816 0
154 1232 592 1152 592 0 2 0 5
154 1184 944 1104 944 0 2 0 5
I 1152 592 1088 592 0 0.5 5
w 1056 704 1248 704 0
w 1248 704 1248 608 0
w 1024 896 1200 896 0
w 1264 896 1264 576 0
w 1232 576 1264 576 0
w 1104 752 1088 752 0
w 1088 752 1088 592 0
w 1184 928 1200 928 0
w 1200 928 1200 896 0
w 1200 896 1264 896 0
w 1248 704 1248 960 0
w 1248 960 1184 960 0
w 1104 944 1088 944 0
w 1088 944 1088 816 0
w 1088 816 1104 816 0
w 1040 752 1056 752 0
w 944 784 928 784 0
w 928 784 928 960 0
w 1104 784 1072 784 0
w 1072 784 1072 960 0
w 768 784 752 784 0
w 752 784 752 960 0
w 752 960 928 960 0
w 928 960 1072 960 0
R 752 960 704 960 1 2 100 2.5 2.5 0 0.5
M 1280 752 1280 528 0 2.5
M 880 752 880 528 0 2.5
M 1056 704 1056 528 0 2.5
w 1216 752 1280 752 0
w 1024 896 1024 912 0
w 1056 816 1056 848 0
w 1056 848 864 848 0
150 864 880 784 880 0 2 5 5
w 864 848 864 864 0
w 768 880 784 880 0
w 864 672 912 672 0
w 912 672 912 896 0
w 912 896 864 896 0
w 1040 816 1056 816 0
w 1232 608 1248 608 0
o 61 64 0 x81012 5 0.1 0 5 5 64 62 0 5 24 60 0 5 -26 59 0 5 -66 59 3 0.025 0

