$ 1 0.000005 10.20027730826997 50 5 50 5e-11
156 832 656 960 656 0 0
156 992 656 1040 656 0 5
156 1152 656 1216 656 0 5
156 1312 656 1376 656 0 0
L 800 656 800 592 0 1 false 5 0
w 800 656 832 656 0
w 832 720 800 720 0
w 800 720 800 656 0
w 1408 720 1408 848 0
w 1408 848 848 848 0
w 848 848 848 880 0
w 832 768 832 912 0
w 832 912 848 912 0
w 1248 720 1248 864 0
w 1248 864 960 864 0
w 960 864 960 896 0
w 960 928 944 928 0
w 944 928 944 896 0
w 960 928 960 960 0
w 960 960 1040 960 0
w 1248 656 1264 656 0
w 1264 656 1264 880 0
w 1264 880 1072 880 0
w 1056 912 1056 784 0
w 1072 880 1072 912 0
w 1040 960 1040 944 0
w 1040 944 1072 944 0
w 1168 928 1168 832 0
w 1056 784 960 784 0
w 960 784 960 656 0
w 960 656 992 656 0
w 1072 768 992 768 0
w 992 768 992 720 0
w 1408 656 1424 656 0
w 1472 784 1472 896 0
w 1472 896 1184 896 0
w 832 912 832 976 0
w 832 976 1184 976 0
w 1184 928 1184 896 0
w 1184 976 1184 960 0
w 1088 720 1088 800 0
w 1088 800 800 800 0
w 1104 656 1104 816 0
w 1104 816 816 816 0
w 816 816 816 992 0
w 800 800 800 1008 0
w 816 992 1280 992 0
w 1280 944 1280 928 0
w 1280 928 1328 928 0
w 1280 992 1280 960 0
w 1280 960 1328 960 0
w 1328 992 1312 992 0
w 1312 992 1312 944 0
w 1312 944 1280 944 0
w 800 1008 1312 1008 0
w 1312 1008 1312 1024 0
w 1312 1024 1328 1024 0
w 1424 944 1424 832 0
w 1424 832 1216 832 0
w 1120 784 1120 656 0
w 1120 656 1152 656 0
w 1424 1008 1440 1008 0
w 1440 1008 1440 816 0
w 1440 816 1232 816 0
w 1152 768 1152 720 0
152 848 896 944 896 0 2 5 5
152 1072 928 1168 928 0 2 5 5
152 960 912 1056 912 0 2 5 5
152 1184 944 1280 944 0 2 5 5
152 1328 1008 1424 1008 0 2 5 5
152 1328 944 1424 944 0 2 5 5
152 1568 1072 1664 1072 0 2 5 5
w 1184 976 1184 1040 0
w 1280 992 1280 1056 0
w 1280 1056 1456 1056 0
w 1456 1056 1456 992 0
w 1264 880 1456 880 0
w 1456 880 1456 960 0
w 928 656 944 656 0
w 944 656 944 784 0
w 944 784 784 784 0
w 784 784 784 1024 0
w 784 1024 1264 1024 0
w 1264 1024 1264 1072 0
w 1264 1072 1472 1072 0
w 1472 896 1472 928 0
154 1472 944 1568 944 0 2 5 5
154 1568 960 1664 960 0 2 0 5
154 1472 1056 1568 1056 0 2 0 5
w 1456 960 1472 960 0
w 976 752 816 752 0
w 1552 976 1552 992 0
w 1552 992 1456 992 0
w 1552 976 1568 976 0
w 1664 960 1664 1008 0
w 1664 1008 1472 1008 0
w 1472 1008 1472 1040 0
w 1184 1040 1248 1040 0
w 1248 1040 1248 1104 0
w 1248 1104 1552 1104 0
w 1552 1104 1552 1088 0
w 1552 1088 1568 1088 0
w 1664 1072 1680 1072 0
w 1680 1072 1680 800 0
w 1680 800 1280 800 0
w 1280 800 1280 720 0
w 1280 656 1312 656 0
w 1312 720 1280 720 0
w 1088 656 1104 656 0
w 832 768 928 768 0
w 928 768 928 736 0
w 928 736 928 720 0
w 976 752 1136 752 0
w 1280 656 1280 720 0
w 1136 752 1136 688 0
w 1136 752 1296 752 0
w 1296 752 1296 688 0
w 1296 688 1312 688 0
w 1136 688 1152 688 0
w 976 752 976 688 0
w 976 688 992 688 0
R 816 752 784 752 1 2 100 2.5 2.5 0 0.5
197 1424 560 1472 560 0
157 1552 560 1616 560 0 7 0 0
w 1424 624 1264 624 0
w 1264 624 1264 656 0
w 1424 592 1104 592 0
w 1104 656 1104 592 0
w 1424 560 944 560 0
w 944 656 944 560 0
w 1552 688 1616 688 0
w 1552 720 1648 720 0
w 1648 720 1648 688 0
w 1552 752 1680 752 0
w 1680 752 1680 688 0
w 816 752 816 688 0
w 816 688 832 688 0
x 792 492 1405 495 4 24 Sequence:\s0,\s15,\s1,\s14,\s3,\s12,\s2,\s13,\s6,\s9,\s7,\s8,\s5,\s10,\s4,\s11
w 1072 768 1072 832 0
w 1072 832 1168 832 0
w 1472 784 1424 784 0
w 1424 784 1424 656 0
w 1152 768 1232 768 0
w 1232 768 1232 816 0
w 1120 784 1216 784 0
w 1216 784 1216 832 0
x 863 630 895 633 4 24 Q3
x 1025 629 1057 632 4 24 Q2
x 1183 631 1215 634 4 24 Q1
x 1343 762 1375 765 4 24 Q0
x 1210 536 1386 539 4 24 Darrell\sHarriman
x 1033 899 1049 902 4 16 J2
x 1146 914 1163 917 4 14 K2
x 1405 932 1419 935 4 14 J1
x 1413 1001 1430 1004 4 14 K1
x 1635 1050 1670 1053 4 14 J0/K0
x 805 630 840 633 4 14 J3/K3
