$ 1 0.000005 10.20027730826997 50 5 50 5e-11
404 752 336 832 336 0 0.0613 6.73 0 false
g 1104 544 1104 560 0 0
g 720 432 720 464 0 0
v 720 432 720 368 0 0 40 5 0 0 0.5
w 720 368 720 336 0
w 720 336 752 336 1
174 832 432 912 336 1 10000 0.1436 V adjust
f 1040 400 1104 400 32 1.5 0.02
r 1104 464 1104 544 0 1000
w 944 464 1104 464 0
w 960 384 912 384 0
g 832 432 832 464 0 0
a 960 400 1040 400 9 15 -15 1000000 0.7179702407311406 0.71799559868698 100000
w 944 464 944 416 0
w 944 416 960 416 0
R 1104 384 1104 320 0 0 40 12 0 0 0.5
r 1216 464 1216 544 0 2455.1
g 1216 544 1216 560 0 0
w 1104 464 1216 464 0
O 1216 464 1328 464 1 0
w 1104 416 1104 464 1
x 1232 533 1309 536 4 24 R\sLoad
x 841 356 895 359 4 24 V\sadj
x 1298 447 1354 450 4 24 V\sout
o 19 64 0 x81012 5 0.1 0 1 1 -54
38 16 0 10 5000 R\sLoad
