$ 1 0.000005 10.20027730826997 12 5 50 5e-11
v 320 480 320 576 0 1 40 5 0 0 0.5
v 400 480 400 560 0 1 40 5 0 1.5707963267948966 0.5
401 480 336 576 336 1 8\s15\s-15\s1000000\s4.9666226683439225\s0\s100000 0\s20\s10000000000 1\s0
401 480 432 576 432 1 8\s15\s-15\s1000000\s0.5767662180574775\s0\s100000 0\s20\s10000000000 1\s0
g 464 608 464 656 0 0
w 464 608 464 416 0
w 480 320 464 320 0
w 400 480 400 448 0
w 480 448 400 448 0
w 320 480 320 352 0
w 480 352 320 352 0
w 400 560 400 576 0
w 464 608 400 608 0
w 400 576 400 608 0
w 400 608 320 608 0
w 320 576 320 608 0
r 576 176 576 256 0 10000
r 624 176 624 256 0 10000
v 480 240 480 176 0 0 40 5 0 0 0.5
g 480 240 480 256 0 0
w 480 176 576 176 0
w 624 176 576 176 0
O 800 352 1024 352 0 0
O 864 448 1072 448 0 0
154 1184 544 1296 544 0 2 0 5
w 864 512 864 448 0
w 864 592 800 592 0
w 800 592 800 400 0
O 1296 544 1376 544 0 0
w 464 416 464 320 0
w 464 416 480 416 0
w 784 448 864 448 0
r 864 592 928 592 0 10000
r 864 512 960 512 0 10000
c 960 640 960 704 0 0.000001 3.836075955830917 0.001
c 1024 640 1024 704 0 0.000001 2.8255513344559726 0.001
g 960 704 960 736 0 0
g 1024 704 1024 736 0 0
w 928 592 1024 592 0
150 1008 528 1152 528 2 2 5 5
150 1040 608 1184 608 2 2 5 5
R 992 496 992 464 0 0 40 5 0 0 0.5
w 960 512 960 544 0
w 960 544 960 640 0
w 1008 512 960 512 0
w 1024 592 1040 592 0
w 1024 592 1024 640 0
w 992 496 992 544 0
w 992 544 1008 544 0
w 992 544 992 624 0
w 1040 624 992 624 0
w 1152 528 1184 528 0
w 1184 560 1184 608 0
a 688 352 784 352 9 15 -15 1000000 4.999945000554995 4.999995000005 100000
a 688 448 784 448 9 15 -15 1000000 4.999945000554995 4.999995000005 100000
w 576 256 576 336 0
w 624 256 624 432 0
w 576 432 624 432 0
w 688 336 576 336 0
w 688 432 624 432 0
w 800 400 688 400 0
w 688 400 688 368 0
w 784 352 800 352 0
w 800 352 800 400 0
w 784 448 784 496 0
w 784 496 688 496 0
w 688 496 688 464 0
o 10 16 0 4099 5 0.00009765625 0 4 10 3 8 0 8 3
o 22 16 0 x81012 5 0.1 1 7 2 21 23 0 2 -48 28 0 5 -82 43 0 1.25 -66 43 3 0.025 0 46 0 1.25 0 46 3 0.025 0
