$ 1 0.000005 4.621633621589249 50 5 50 5e-11
R 768 528 768 448 0 2 40 5 2.5 0 0.5
r 816 528 896 528 0 10000
c 896 528 896 624 0 0.000001 -0.17068598211315614 0.001
g 896 624 896 672 0 0
w 768 528 816 528 0
150 976 512 1120 512 2 2 0 5
R 976 496 976 448 0 0 40 5 0 0 0.5
w 976 528 896 528 0
O 1120 512 1216 512 0 0
w 816 528 816 384 0
w 832 272 1168 272 0
w 1120 512 1120 400 0
154 1152 384 1248 384 0 2 0 5
w 1120 400 1152 400 0
O 1472 368 1536 368 0 0
150 1328 368 1472 368 2 2 5 5
c 1328 384 1328 480 0 0.000001 4.02544507073587 0.001
r 1248 384 1328 384 0 4230
R 1328 352 1328 304 0 0 40 5 0 0 0.5
g 1328 480 1328 496 0 0
154 1040 368 1152 368 0 2 0 5
w 1040 384 816 384 0
L 1040 352 944 352 0 1 false 5 0
o 7 16 0 x81012 5 0.1 0 6 2 -51 7 3 0.025 0 4 0 5 55 4 3 0.025 0 8 0 2 -49 14 0 5 15
38 17 0 1000 20000 R
