$ 1 0.000005 10.20027730826997 50 5 50 5e-11
g 752 720 752 752 0 0
g 832 720 832 752 0 0
g 944 736 944 752 0 0
v 752 640 752 720 0 1 40 1 0 0 0.5
r 832 720 832 656 0 1000
r 832 656 944 656 0 4000
r 944 656 944 736 0 10000
a 848 592 928 592 9 15 -15 1000000 0.42006474817679407 0.4200857514142029 100000
w 832 656 832 608 0
w 832 608 848 608 0
w 752 640 752 576 0
w 752 576 848 576 0
w 944 656 944 592 0
w 944 592 928 592 0
o 11 64 0 x81013 5 0.00009765625 0 2 2 0 11 3 0.000049999999999999996 0
o 13 64 0 x81012 20 0.0125 1 2 2 0 13 3 0.005 0
