$ 1 0.000005 10.20027730826997 50 5 50 5e-11
g 544 560 544 608 0 0
r 544 560 544 464 0 1000
r 544 464 544 384 0 1000
r 544 384 544 288 0 500
w 544 560 416 560 0
p 544 384 624 384 1 0 0
p 544 464 624 464 1 0 0
p 544 288 624 288 1 0 0
v 416 432 416 336 0 0 40 5 0 0 0.5
w 416 336 416 240 0
w 544 288 544 240 0
w 416 560 416 432 0
207 416 336 352 336 4 Vcc
370 464 240 496 240 1 0 0
w 464 240 416 240 0
w 496 240 544 240 0
r 768 336 768 432 0 2500
w 768 432 768 560 0
w 544 560 768 560 0
w 768 336 768 240 0
w 544 240 640 240 0
370 640 240 704 240 1 0 0
w 704 240 768 240 0
o 7 64 0 x81212 5 0.0001 0 3 2 0 5 0 2 0 6 0 2 0 DC\sVoltage
38 3 0 100 2000 Resistance
